25746914
4170076
432604
83605
23430
20668
21096
18411
79043
20883
20503
18898
18759
197453
30803
17768
114777
30430
6625
9339
1882
1982
2044
3431
7358
7108
17846
2741
1245
9855
3414
2171
1074
3196
4005
36588
10248
2571
2364
2721
2592
7754
9590
2794
2676
2079
2041
8996
2639
2403
2021
1933
29913
7516
9750
2904
2987
1282
2577
5417
7230
2652
1600
945
2033
34105
4837
4471
20441
5444
1203
8563
2186
3474
1254
1649
5231
4356
72503
18164
18197
18140
18002
363255
78831
20807
20058
19137
18829
133328
19927
74589
8747
42983
12513
2884
3281
2748
3600
8427
2299
602
3599
1927
8821
1881
3444
756
2740
13222
3771
2822
3755
2874
5164
17695
2381
10777
3384
2859
1858
2676
1345
3192
19008
19804
74506
18789
18448
18883
18386
76590
18757
19689
18440
19704
2461780
660019
173744
41578
10972
2740
2703
2766
2763
9905
2765
2162
2167
2811
9582
2775
2135
2349
2323
11119
2621
2867
2791
2840
43032
11324
2828
2704
2932
2860
8213
1705
1445
2805
2258
11746
2954
2944
2913
2935
11749
2913
2891
2971
2974
41953
9914
2699
2393
2111
2711
10969
2820
2833
2570
2746
10949
2756
2710
2752
2731
10121
2748
2591
2364
2418
47181
11495
2866
2881
2857
2891
12047
3014
3044
2987
3002
11706
2900
2961
2901
2944
11933
2948
2995
3007
2983
139003
35506
8358
2607
1776
1489
2486
9867
2276
3472
2149
1970
9338
2514
1585
2785
2454
7943
26384
7121
1156
9969
1775
3638
2791
1765
8138
2074
347
3579
2138
40960
11769
2957
2809
3047
2956
5528
12322
3067
3026
3021
3208
11341
3139
2335
3069
2798
36153
8030
9362
1856
2483
3383
1640
9985
2092
2083
2891
2919
8776
2265
2331
2789
1391
167987
43670
10852
2731
2719
2722
2680
11077
2756
2798
2729
2794
10743
2686
2621
2745
2691
10998
2695
2793
2711
2799
45748
11614
2884
2974
2854
2902
11695
2954
2911
2871
2959
11195
2798
2856
2789
2752
11244
2823
2903
2865
2653
40368
11024
2715
2718
2863
2728
10848
2726
2727
2703
2692
9514
2750
2702
2045
2017
8982
2701
2593
1996
1692
38201
10216
2352
2704
2658
2502
10354
2538
2625
2577
2614
8484
2330
2460
1823
1871
9147
2544
2626
1972
2005
179285
46690
12012
3067
3214
2992
2739
12032
2983
3119
2897
3033
10869
2686
2730
2704
2749
11777
2840
3040
2879
3018
48404
12891
3149
3168
3226
3348
11267
3305
2337
3242
2383
12642
3121
3288
3057
3176
11604
3298
2490
3302
2514
40900
10839
2666
2736
2666
2771
11414
2881
2971
2854
2708
9453
2715
2720
2009
2009
9194
2618
2371
2072
2133
43291
11991
3013
3188
2724
3066
11574
3325
2532
3176
2541
10191
2961
2803
2218
2209
9535
3191
2614
2185
1545
322646
53246
5608
4511
36267
11030
3548
1209
2692
3581
2433
11274
2819
2484
2887
3084
11530
3650
1742
2373
3765
6860
18329
179616
45872
10518
2064
2774
3078
2602
11858
3318
2402
2640
3498
13357
3288
3234
3426
3409
10139
2274
2209
3022
2634
39421
12236
3722
2394
2479
3641
4169
11601
3583
2663
1983
3372
11415
3507
2608
2943
2357
49406
13100
3504
3441
3562
2593
13285
2763
3470
3524
3528
10809
2576
3394
2276
2563
12212
3457
3534
2575
2646
44917
12159
3162
2093
3504
3400
9834
3168
2515
2288
1863
12510
3533
3584
2679
2714
10414
3533
2128
2741
2012
71455
11597
4440
43790
13348
2977
3837
3513
3021
8790
2088
437
3856
2409
9594
2393
3645
1742
1814
12058
3103
3841
2707
2407
11628
661729
157508
38607
10402
2685
2640
2680
2397
9342
2308
2378
2206
2450
9117
2510
2141
2091
2375
9746
2370
2462
2378
2536
41617
10189
2468
2544
2541
2636
10457
2659
2593
2606
2599
10490
2598
2656
2631
2605
10481
2612
2621
2605
2643
37695
9686
2390
2370
2488
2438
9950
2412
2499
2457
2582
8787
2553
2476
1931
1827
9272
2542
2747
1924
2059
39589
10540
2626
2642
2680
2592
10445
2628
2623
2555
2639
9537
2706
2696
2065
2070
9067
2555
2634
1955
1923
174241
44592
10835
2620
2729
2709
2777
11208
2764
2818
2824
2802
10961
2707
2727
2720
2807
11588
2907
2869
2855
2957
44116
11379
2942
2787
2948
2702
9932
3000
2103
2569
2260
11907
2909
3008
2946
3044
10898
2962
2428
3118
2390
41898
10996
2696
2859
2687
2754
11446
2832
2877
2850
2887
9536
2672
2780
2011
2073
9920
2776
2856
2141
2147
43635
12114
3011
3048
2955
3100
11167
3153
2397
3172
2445
10523
2984
3064
2196
2279
9831
3188
2438
2387
1818
158251
40746
10764
2667
2575
2699
2823
10531
2564
2652
2667
2648
8906
2421
2728
1601
2156
10545
2730
2776
2270
2769
43505
10488
2629
2668
2585
2606
11063
2720
2728
2784
2831
11064
2741
2645
2893
2785
10890
2624
2791
2670
2805
32367
8163
8166
8477
2403
2404
1856
1814
7561
2301
1731
1804
1725
41633
11954
3126
3001
2413
3414
11297
2818
2648
3037
2794
7165
11217
3443
3162
1970
2642
171729
44117
10843
2659
2765
2765
2654
11415
2840
2894
2791
2890
11030
2848
2614
2868
2700
10829
2704
2856
2547
2722
46019
12019
2951
3050
2944
3074
11020
3062
2378
3163
2417
11986
2962
3084
2868
3072
10994
3125
2338
3131
2400
40229
10748
2775
2770
2616
2587
10176
2494
2721
2428
2533
10053
2903
2767
2297
2086
9252
2589
2723
1892
2048
41364
11448
2880
3013
2705
2850
10679
3052
2397
2974
2256
10060
2799
2897
2135
2229
9177
2985
2256
2243
1693
817386
203242
52571
13159
3381
3326
3101
3351
13568
3380
3440
3345
3403
12582
3213
3106
3248
3015
13262
3214
3434
3149
3465
53789
14238
3544
3651
3441
3602
12772
3664
2733
3628
2747
14193
3462
3626
3462
3643
12586
3671
2706
3580
2629
48358
12417
3209
2734
3239
3235
13222
3324
3307
3294
3297
11294
3267
3277
2368
2382
11425
3271
3272
2425
2457
48524
13610
3400
3567
3290
3353
12245
3472
2605
3402
2766
11645
3275
3330
2418
2622
11024
3616
2691
2661
2056
196532
42865
9973
2758
2125
3314
1776
7605
14134
3489
3324
3610
3711
11153
2177
2511
3409
3056
48677
14418
3469
3852
3389
3708
9195
2392
480
3871
2452
12349
3015
3596
2988
2750
12715
3734
2833
3350
2798
55128
14738
3746
3674
3635
3683
14642
3664
3631
3680
3667
12853
3690
3678
2749
2736
12895
3689
3682
2760
2764
49862
14594
3651
3581
3682
3680
11093
3024
2081
3623
2365
12905
3679
3702
2752
2772
11270
3683
2748
2763
2076
203171
51759
12963
3224
3205
3268
3266
12866
3177
3185
3271
3233
12735
3197
3211
3189
3138
13195
3178
3401
3251
3365
52513
13930
3306
3545
3511
3568
12673
3621
2725
3613
2714
13276
2902
3570
3277
3527
12634
3604
2739
3569
2722
49462
12867
3197
3262
3147
3261
13583
3369
3435
3361
3418
11313
3141
3310
2404
2458
11699
3345
3353
2467
2534
49437
13938
3470
3509
3444
3515
12618
3588
2742
3573
2715
12060
3425
3513
2552
2570
10821
3501
2701
2611
2008
214441
57283
14618
3642
3652
3644
3680
14652
3651
3657
3677
3667
14145
3657
3623
3673
3192
13868
3395
3402
3401
3670
53854
14763
3681
3687
3684
3711
12889
3683
2760
3682
2764
14532
3658
3692
3488
3694
11670
3686
2462
3253
2269
54783
14626
3662
3654
3649
3661
14666
3676
3660
3644
3686
12727
3633
3682
2678
2734
12764
3666
3658
2720
2720
48521
13334
3585
3280
2813
3656
11982
3119
2783
3324
2756
12044
3685
2865
2735
2759
11161
3680
2647
2759
2075
912437
74721
19063
18813
18567
18278
76640
18992
19578
18569
19501
448479
116491
22531
2387
1298
12956
3574
2007
3818
3557
5890
6420
48971
14117
3678
3798
2965
3676
13225
3581
2518
3685
3441
11018
3444
2724
2726
2124
10611
3370
3346
1342
2553
38569
12540
3887
2640
3548
2465
3887
11980
3474
3219
2656
2631
10162
3231
1676
2768
2487
18556
218933
55403
13134
3694
2875
3183
3382
13310
3042
2974
3692
3602
14205
3098
3698
3705
3704
14754
3703
3678
3687
3686
54812
13546
3729
3460
2980
3377
14941
3623
3931
3751
3636
13501
3593
2715
3611
3582
12824
3266
3805
2922
2831
55038
14801
3708
3686
3699
3708
14663
3694
3713
3663
3593
12608
3520
3698
2770
2620
12966
3698
3703
2788
2777
53680
14426
3637
3662
3562
3565
13485
3615
2835
3609
3426
12843
3638
3684
2730
2791
12926
3725
3676
2778
2747
94499
22753
4547
1264
12693
3456
2472
3227
3538
4249
4781
43076
9487
2173
3358
2333
1623
13901
3591
2941
3708
3661
10991
3603
2357
2248
2783
8697
1724
3660
2046
1267
23889
5070
1395
12584
3700
3342
2767
2775
4840
312597
18887
83404
5361
30588
4138
6919
7947
11584
3070
2524
3587
2403
12783
34672
11528
3259
2874
3519
1876
9397
2810
1446
2728
2413
4599
9148
2540
2406
2200
2002
84219
12446
17301
2965
3433
7133
3770
29492
7750
9317
3514
1970
3233
600
6578
5847
24980
4914
5245
6615
8206
2581
1578
2109
1938
126087
31876
6094
8262
2232
3329
685
2016
8500
2732
1899
1627
2242
9020
2457
1685
3605
1273
28279
9858
2485
1760
3143
2470
5855
10037
2598
2944
1764
2731
2529
34720
10326
3444
2220
3161
1501
7545
10948
3613
2776
2478
2081
5901
31212
9101
1525
3094
1304
3178
4904
7831
1815
2809
1415
1792
9376
3003
2160
2168
2045
7536151
2192346
419044
89338
15516
8191
53184
15403
3871
3798
3854
3880
8167
14207
3789
3879
2668
3871
15407
3886
3700
3901
3920
12447
111976
22396
4704
8959
2120
2875
1675
2289
3105
5628
50930
14127
3549
3753
3134
3691
13361
3815
2895
3779
2872
10566
2500
3318
2020
2728
12876
3739
2838
3506
2793
10185
28465
6773
10458
2987
2708
2411
2352
4296
6938
140733
33626
6231
15553
3897
3932
3796
3928
1720
10122
2347
3929
683
3163
51383
15266
3923
3458
3939
3946
5486
15807
3951
3955
3945
3956
14824
3960
2906
3973
3985
7180
48544
13473
3707
3962
1876
3928
15891
3971
3976
3968
3976
5451
13729
3969
3980
2804
2976
76997
11180
12516
43626
14262
3972
2384
3971
3935
4231
13937
3973
3988
2988
2988
11196
3846
1679
2984
2687
9675
844827
237685
62033
15515
3870
3910
3846
3889
15637
3915
3912
3896
3914
15346
3851
3860
3796
3839
15535
3898
3904
3849
3884
58751
15682
3926
3911
3924
3921
13714
3921
2932
3922
2939
15625
3905
3919
3891
3910
13730
3915
2945
3921
2949
58580
14948
3757
3811
3606
3774
15386
3847
3876
3810
3853
13093
3210
3715
2690
3478
15153
3781
3831
3733
3808
58321
15592
3900
3900
3886
3906
13693
3902
2943
3911
2937
15426
3856
3873
3844
3853
13610
3901
2921
3877
2911
212380
61469
15514
3879
3843
3912
3880
14952
3781
3582
3828
3761
15604
3900
3896
3903
3905
15399
3860
3817
3878
3844
32185
9417
2491
1268
3439
2219
1963
14444
3742
3205
3803
3694
6361
62482
15653
3921
3913
3914
3905
15630
3919
3889
3917
3905
15566
3911
3900
3880
3875
15633
3917
3904
3902
3910
56244
15317
3845
3783
3876
3813
12046
3607
2002
3770
2667
15531
3890
3847
3914
3880
13350
3818
2819
3851
2862
161219
41208
9445
2203
2990
1763
2489
14368
3627
3767
3271
3703
6087
11308
2731
3399
2219
2959
57034
15238
3815
3839
3780
3804
13537
3877
2912
3851
2897
14874
3723
3795
3605
3751
13385
3819
2890
3799
2877
17792
3764
7550
2357
4121
45185
12979
3199
3669
2728
3383
13181
3756
2860
3738
2827
8203
2168
2875
1309
1851
10822
3570
2791
2409
2052
233543
62361
15548
3894
3889
3891
3874
15679
3925
3920
3916
3918
15494
3890
3876
3851
3877
15640
3904
3929
3887
3920
58663
15685
3924
3902
3935
3924
13573
3876
2891
3900
2906
15694
3923
3928
3924
3919
13711
3907
2924
3946
2934
57575
15331
3840
3855
3800
3836
15498
3876
3887
3857
3878
13277
3788
3826
2815
2848
13469
3840
3864
2867
2898
54944
15603
3904
3911
3882
3906
13765
3928
2950
3927
2960
13595
3880
3893
2908
2914
11981
3904
2942
2930
2205
398342
61411
6303
32236
4330
12589
2664
3952
2280
3693
3767
11550
2292
3580
2170
3508
5288
17584
2269
9578
1911
3335
1308
3024
1494
4243
215388
63479
15924
3975
3984
3981
3984
15924
3983
3978
3984
3979
15695
3913
3984
3837
3961
15936
3984
3984
3984
3984
38125
10737
3005
1138
3974
2620
3052
15887
3982
3949
3984
3972
8449
2276
816
3812
1545
57916
15429
3823
3910
3797
3899
15867
3975
3972
3944
3976
12885
3714
3868
2434
2869
13735
3922
3959
2913
2941
55868
15934
3984
3982
3984
3984
13804
3987
2847
3983
2987
13929
3984
3984
2973
2988
12201
3984
2988
2988
2241
22924
98619
30860
8004
14683
3820
3882
3290
3691
2107
6066
50516
15489
3899
3966
3789
3835
13933
3984
2988
3972
2989
10073
2951
3367
1738
2017
11021
3575
2977
2224
2245
6330
10913
530133
72941
11486
25141
5898
9652
2731
2521
2218
2182
3486
6105
26418
7430
2651
12871
3995
2902
2988
2986
3466
9896
204984
57435
14675
3704
3751
3483
3737
15281
3810
3848
3803
3820
12441
3024
3635
2470
3312
15038
3755
3791
3712
3780
57893
15436
3871
3875
3838
3852
13635
3895
2930
3885
2925
15312
3825
3848
3809
3830
13510
3857
2914
3856
2883
36526
8443
1941
2779
1467
2256
14053
3523
3741
3130
3659
4485
9545
2521
3324
1536
2164
53130
15136
3782
3810
3762
3782
13418
3828
2897
3817
2876
12945
3724
3762
2657
2802
11631
3796
2861
2826
2148
161759
59287
15937
3984
3985
3984
3984
11535
3534
1058
3980
2963
15907
3986
3984
3960
3977
15908
3985
3984
3972
3967
14381
42634
11161
2696
3964
1116
3385
15859
3971
3970
3954
3964
5001
10613
3127
3961
803
2722
45457
15460
3963
3570
3955
3972
5009
13808
3950
3947
2957
2954
11180
3918
2090
2960
2212
90449
15463
46715
12933
3172
3708
2614
3439
13159
3753
2845
3735
2826
8309
1919
2822
1404
2164
12314
3600
2797
3151
2766
8906
19365
4418
8578
2418
2465
1774
1921
2354
4015
1355007
252959
39265
5916
5372
22688
5427
1481
12232
3390
2009
3735
3098
3548
5289
20612
170626
55032
15055
3779
3654
3847
3775
9951
2721
1323
3516
2391
15412
3847
3814
3901
3850
14614
3739
3353
3805
3717
13655
58336
15622
3907
3889
3926
3900
15343
3853
3788
3875
3827
13749
3927
3922
2956
2944
13622
3899
3880
2920
2923
43603
13835
3680
2806
3794
3555
5866
13297
3818
3738
2897
2844
10605
3369
2195
2751
2290
22456
132267
45815
5979
16878
7094
1477
7190
1117
9715
13243
22227
43952
16568
1321
6525
1410
7312
6389
16114
1655
6905
2156
5398
4881
20273
816564
240774
62690
15706
3922
3918
3926
3940
15689
3933
3905
3932
3919
15575
3893
3912
3870
3900
15720
3933
3927
3930
3930
61394
15492
3889
3846
3897
3860
14862
3765
3549
3800
3748
15638
3911
3896
3924
3907
15402
3852
3795
3900
3855
58032
15462
3872
3879
3842
3869
15627
3899
3931
3881
3916
13409
3832
3835
2871
2871
13534
3865
3871
2894
2904
58658
15685
3918
3926
3915
3926
15578
3895
3879
3922
3882
13705
3917
3923
2921
2944
13690
3928
3889
2935
2938
114431
33875
9622
2583
1369
3398
2272
2627
14272
3693
3159
3776
3644
7354
5504
55171
15284
3827
3754
3878
3825
13081
3491
2532
3720
3338
13616
3912
3855
2935
2914
13190
3794
3693
2888
2815
19881
5295
1520
9719
3110
1915
2685
2009
3347
234979
61249
15280
3829
3824
3806
3821
15413
3844
3874
3847
3848
15158
3786
3806
3778
3788
15398
3840
3853
3839
3866
62279
15531
3886
3896
3858
3891
15675
3918
3921
3910
3926
15477
3863
3874
3875
3865
15596
3900
3926
3870
3900
53474
14688
3722
3779
3437
3750
15259
3821
3832
3797
3809
10285
2755
3609
1560
2361
13242
3769
3815
2801
2857
57977
15423
3862
3869
3853
3839
15535
3878
3894
3868
3895
13488
3843
3881
2881
2883
13531
3862
3868
2902
2899
226380
62391
15676
3916
3905
3932
3923
15427
3865
3812
3896
3854
15699
3925
3931
3917
3926
15589
3910
3878
3916
3885
51144
14572
3733
3364
3786
3689
8801
2383
1364
3229
1825
15316
3846
3775
3871
3824
12455
3647
2327
3766
2715
58469
15602
3899
3913
3887
3903
15614
3904
3899
3900
3911
13595
3879
3893
2899
2924
13658
3897
3916
2923
2922
54376
15491
3886
3848
3889
3868
13330
3820
2813
3848
2849
13723
3918
3908
2949
2948
11832
3872
2869
2918
2173
153217
42667
17616
4525
4153
6720
2218
5447
14942
4662
19649
71205
16104
5522
41424
13095
3496
2598
3701
3300
5559
13129
3784
3658
2869
2818
9641
3016
1962
2652
2011
8155
19696
1623336
90032
21303
21530
20205
26994
377841
74972
12776
42985
13478
3804
3932
1889
3853
13758
3939
2944
3933
2942
3604
12145
3867
2920
2420
2938
11535
7676
120761
36572
11369
3602
927
3899
2941
2034
15531
3916
3811
3921
3883
7638
8319
54335
14492
3917
3910
2749
3916
14532
3827
3106
3876
3723
10840
1207
3937
1788
3908
14471
3873
3743
3476
3379
21535
4445
1540
13067
3531
2247
3689
3600
2483
79737
7852
20219
1461
4353
2919
11486
1837
2933
3781
2935
13646
38020
11839
1027
3693
3210
3909
8714
3882
1885
2580
367
11617
3824
3635
1621
2537
5850
102371
26459
13533
3596
3818
3853
2266
5752
5744
1430
42936
13454
3303
3835
2629
3687
8635
2737
733
3506
1659
8437
1377
3488
550
3022
12410
3791
2302
3836
2481
5489
27487
4176
12750
3900
2465
3915
2470
1708
8853
3414
2171
1873
1395
543571
121559
22484
5705
1414
10445
3189
1405
2828
3023
4920
5819
54694
13622
2702
3501
3651
3768
14830
3734
3544
3803
3749
13155
3647
3803
2836
2869
13087
3781
3768
2873
2665
38562
11589
2242
2019
3602
3726
8631
1642
931
3602
2456
11829
3506
3661
2300
2362
6513
137395
34396
3963
10103
2571
2559
2419
2554
10270
1620
2903
2885
2862
10060
2642
2592
2561
2265
37252
10102
2585
2427
2414
2676
9060
2677
2026
2573
1784
10264
2578
2640
2594
2452
7826
2363
1743
2143
1577
35414
11146
3073
2658
2782
2633
10175
2798
2557
2432
2388
6843
7250
2252
2030
1427
1541
30333
9779
2721
2511
2343
2204
7764
2384
1716
2075
1589
6952
5838
126594
28631
6668
9955
2859
3020
1628
2448
5725
6283
35063
8581
2904
2481
2426
770
4431
8784
1540
1820
2094
3330
13267
2547
3218
3736
3766
23953
5273
7335
8002
2311
2166
1990
1535
3343
38947
8994
1840
2886
1752
2516
14320
3653
3704
3269
3694
4630
11003
2875
3528
1958
2642
158023
30546
2613
3151
14358
3527
3275
3781
3775
10424
2376
1797
3718
2533
31177
5678
7067
9905
2422
2004
2824
2655
8527
2340
1926
2356
1905
53177
14912
3761
3719
3717
3715
13249
3697
2725
3780
3047
12868
3702
3759
2746
2661
12148
3748
3076
2817
2507
43123
11814
3000
2836
2828
3150
10631
2905
1951
3265
2510
10565
2618
3361
1844
2742
10113
3289
2604
2367
1853
611892
176289
42686
9184
2460
2273
2239
2212
10225
2277
2285
2195
3468
9279
2293
2308
2380
2298
13998
2866
3828
3484
3820
53435
13880
2969
3846
3247
3818
13457
3856
2889
3831
2881
13696
3122
3795
3071
3708
12402
3805
2797
3286
2514
43209
9176
2210
2499
2023
2444
15024
3612
3832
3799
3781
6833
12176
3749
3549
2296
2582
36959
10340
2942
2698
2488
2212
11470
3135
2519
3559
2257
4481
10668
3630
2530
2511
1997
166339
29753
4918
2902
10149
2188
1648
3383
2930
11784
2557
3008
3158
3061
37279
6795
6589
13566
3433
3342
3364
3427
10329
3190
1610
3485
2044
49739
12865
3290
3135
3111
3329
13822
3593
3040
3659
3530
10290
2659
3310
1992
2329
12762
3671
3654
2613
2824
49568
14293
3560
3705
3402
3626
11876
3639
2292
3526
2419
12597
3510
3666
2810
2611
10802
3297
2689
2705
2111
167650
39992
8889
1916
1699
2764
2510
7981
12263
2951
3254
2851
3207
10859
2564
2254
3387
2654
34302
5682
8322
2567
2462
1651
1642
9989
2684
2027
2916
2362
10309
2673
1837
3284
2515
42053
11607
2888
2806
3073
2840
10329
3050
2740
2330
2209
10339
3182
2766
2293
2098
9778
2271
3016
1995
2496
51303
14694
3373
3834
3727
3760
13468
3884
2854
3826
2904
12063
3733
3638
2541
2151
11078
3480
2891
2540
2167
101614
38566
10230
3148
2761
2253
2068
12762
3185
3550
2632
3395
9277
3197
3139
1882
1059
6297
26213
13925
3728
3595
3659
2943
8560
3778
2694
1644
444
2627
1101
24399
5524
1446
11920
3883
2271
2868
2898
5509
12436
2365462
636797
150879
33354
6784
13897
3541
3770
2907
3679
3623
9050
2054
3250
1395
2351
61073
15308
3814
3861
3792
3841
15478
3888
3860
3858
3872
14844
3747
3825
3494
3778
15443
3866
3869
3839
3869
11102
45350
11262
2693
3646
1843
3080
15229
3803
3853
3741
3832
5687
13172
3337
3777
2482
3576
240342
62081
15491
3847
3886
3880
3878
15610
3911
3912
3890
3897
15509
3881
3887
3869
3872
15471
3865
3889
3858
3859
58782
15723
3931
3936
3912
3944
13711
3913
2901
3957
2940
15628
3900
3934
3879
3915
13720
3931
2942
3913
2934
61664
15478
3877
3867
3861
3873
15443
3876
3860
3858
3849
15310
3837
3853
3782
3838
15433
3861
3858
3858
3856
57815
15395
3854
3863
3829
3849
13601
3901
2935
3846
2919
15375
3850
3843
3853
3829
13444
3837
2893
3835
2879
56893
10868
16298
22639
7894
3175
6185
5385
7088
188683
54456
14415
3692
3819
3177
3727
15389
3839
3863
3821
3866
9723
2263
3386
1534
2540
14929
3762
3827
3559
3781
57828
15454
3858
3857
3870
3869
13418
3814
2870
3853
2881
15443
3860
3873
3851
3859
13513
3863
2885
3867
2898
24094
4761
11654
2843
3679
1995
3137
2311
5368
52305
15229
3816
3857
3723
3833
13535
3865
2912
3864
2894
11821
3349
3762
1977
2733
11720
3830
2900
2839
2151
643147
207029
60241
15385
3860
3797
3889
3839
14226
3680
3187
3774
3585
15514
3888
3836
3892
3898
15116
3789
3670
3875
3782
30165
8501
2278
1233
3012
1978
2368
13244
3466
2714
3700
3364
6052
62306
15643
3909
3907
3919
3908
15535
3901
3838
3911
3885
15534
3889
3893
3872
3880
15594
3908
3885
3908
3893
54317
15096
3789
3689
3842
3776
10813
3181
1743
3625
2264
15394
3869
3822
3879
3824
13014
3746
2680
3793
2795
38807
6164
4992
22351
5528
1825
10895
2916
1887
3465
2627
4103
5300
230376
61565
15349
3823
3858
3831
3837
15568
3900
3915
3864
3889
15315
3824
3829
3846
3816
15333
3831
3863
3813
3826
57862
15515
3889
3866
3880
3880
13378
3824
2844
3845
2865
15469
3872
3882
3852
3863
13500
3860
2882
3858
2900
57464
15399
3862
3825
3876
3836
15203
3803
3808
3810
3782
13523
3887
3858
2893
2885
13339
3817
3790
2880
2852
53485
15242
3811
3856
3770
3805
13433
3843
2894
3814
2882
13194
3781
3770
2827
2816
11616
3788
2859
2832
2137
166935
51747
14362
3700
3243
3770
3649
8711
2309
1370
2970
2062
15184
3808
3748
3829
3799
13490
3535
2791
3727
3437
20288
3110
3316
7110
6752
57042
15335
3858
3810
3840
3827
15026
3774
3698
3803
3751
13368
3828
3830
2855
2855
13313
3821
3783
2865
2844
37858
11962
3178
2313
3591
2880
5922
12648
3734
3373
2808
2733
7326
2504
1300
2263
1259
349017
117656
40578
10023
2202
2921
2057
2843
11110
2919
2408
2973
2810
8530
1624
2858
1270
2778
10915
2816
2971
2640
2488
17436
4845
1630
7561
3400
30831
7239
12288
2961
2521
3407
3399
4637
6667
28811
10529
2986
2339
3206
1998
4985
6432
6865
60109
8427
32814
8126
12612
3709
2844
3250
2809
3786
8290
2330
2542
1553
1865
9303
9565
96875
12354
39122
11440
2965
2777
2763
2935
9573
2048
2026
2811
2688
9705
2342
2789
2533
2041
8404
2667
2051
1900
1786
17009
3266
3690
7227
449
2012
2329
2437
2826
28390
10064
2478
2482
2564
2540
7593
4900
5833
74377
21551
7315
3285
5441
5510
7451
27003
6978
6895
6621
6509
18372
5689
2134
6777
3772
736501
212681
60806
15322
3832
3853
3804
3833
15357
3855
3831
3846
3825
14802
3736
3811
3481
3774
15325
3828
3837
3815
3845
56569
15092
3790
3750
3791
3761
13107
3751
2810
3745
2801
15276
3820
3806
3848
3802
13094
3745
2784
3766
2799
42015
10950
2651
3579
1795
2925
14997
3770
3809
3652
3766
5028
11040
3098
3672
1770
2500
53291
15261
3825
3812
3809
3815
13259
3801
2820
3807
2831
13167
3778
3788
2784
2817
11604
3794
2831
2849
2130
222985
60093
15051
3777
3780
3736
3758
15146
3800
3789
3774
3783
14881
3716
3732
3716
3717
15015
3769
3776
3727
3743
54739
15004
3778
3704
3786
3736
11675
3440
2078
3680
2477
15083
3791
3774
3766
3752
12977
3728
2733
3743
2773
55894
14888
3738
3712
3733
3705
14907
3725
3729
3720
3733
13109
3756
3736
2828
2789
12990
3689
3730
2786
2785
52259
14968
3755
3750
3728
3735
13010
3742
2786
3704
2778
12982
3722
3715
2770
2775
11299
3694
2793
2748
2064
91675
16416
3144
7448
2053
3771
48445
13614
3469
3731
2831
3583
13187
3783
2837
3737
2830
9002
2088
3114
1459
2341
12642
3699
2837
3324
2782
7287
19527
4583
8853
2540
2528
1801
1984
2224
3867
209160
60083
15088
3787
3765
3769
3767
14894
3728
3702
3754
3710
15126
3785
3787
3777
3777
14975
3762
3715
3766
3732
51995
14496
3678
3624
3671
3523
12025
3554
2625
3380
2466
14455
3684
3514
3698
3559
11019
3232
2315
3204
2268
52325
14637
3739
3760
3414
3724
15093
3787
3777
3773
3756
9642
2601
3493
1422
2126
12953
3727
3753
2683
2790
44757
13714
3704
2945
3737
3328
9312
2743
1987
2792
1790
12231
3739
3349
2811
2332
9500
3006
2124
2771
1599
6366535
1435861
428739
158277
39740
9975
2505
2420
2540
2510
9795
2415
2450
2471
2459
9989
2547
2517
2441
2484
9981
2475
2463
2491
2552
36501
8889
2277
1801
2443
2368
8124
10025
2468
2502
2545
2510
9463
2408
2111
2497
2447
39368
9559
2378
2444
2408
2329
10472
2629
2672
2544
2627
9540
2381
2376
2374
2409
9797
2436
2560
2381
2420
42668
10599
2666
2605
2633
2695
10491
2549
2506
2760
2676
10567
2619
2681
2576
2691
11011
2746
2791
2713
2761
149832
39754
11491
3178
2932
2360
3021
10608
2637
2653
2744
2574
7953
9702
2639
2244
2307
2512
44640
11282
2814
2916
2624
2928
11020
3130
2381
3111
2398
11079
2793
3013
2699
2574
11259
3108
2401
3274
2476
26445
9353
2519
1888
2606
2340
7397
6948
2747
38993
11926
2675
3247
2797
3207
12251
3448
2545
3543
2715
4224
10592
3002
2773
2314
2503
101528
37485
9255
2319
2348
2297
2291
9525
2338
2416
2339
2432
9126
2286
2275
2293
2272
9579
2350
2418
2383
2428
28699
10128
2479
2620
2504
2525
7988
8685
2518
2389
2376
1402
1898
29559
9097
2254
2269
2278
2296
8961
2294
2377
2352
1938
7866
2259
2256
1672
1679
3635
5785
19102
756786
214892
53123
12928
3222
3247
3210
3249
13370
3298
3381
3301
3390
13271
3277
3304
3333
3357
13554
3338
3403
3367
3446
52123
13680
3400
3421
3396
3463
12381
3503
2673
3534
2671
13814
3432
3472
3448
3462
12248
3519
2645
3487
2597
56581
13834
3412
3418
3534
3470
13806
3429
3458
3454
3465
14620
3672
3610
3618
3720
14321
3522
3515
3669
3615
53065
13957
3496
3519
3457
3485
12383
3505
2651
3540
2687
14185
3488
3527
3596
3574
12540
3566
2704
3585
2685
225872
57755
14355
3581
3602
3578
3594
14566
3626
3655
3641
3644
14292
3555
3596
3540
3601
14542
3629
3638
3629
3646
55055
14661
3653
3678
3656
3674
12847
3666
2764
3668
2749
14663
3656
3693
3648
3666
12884
3665
2761
3673
2785
57982
14318
3530
3585
3580
3623
14566
3647
3654
3624
3641
14503
3620
3656
3592
3635
14595
3648
3648
3645
3654
55080
14633
3658
3664
3645
3666
12902
3687
2770
3672
2773
14651
3652
3670
3662
3667
12894
3674
2763
3689
2768
126384
38737
12645
3502
3571
2054
3518
14350
3756
3569
3534
3491
2173
9569
2796
3563
519
2691
54611
14245
3430
3569
3574
3672
12595
3558
2700
3641
2696
14828
3782
3734
3537
3775
12943
3669
2745
3754
2775
4404
28632
9228
2475
3604
428
2721
12922
3727
2820
3688
2687
1079
5403
189638
58298
14600
3636
3669
3658
3637
14499
3599
3630
3639
3631
14603
3625
3639
3677
3662
14596
3638
3637
3657
3664
50903
14647
3654
3676
3647
3670
12641
3682
2767
3690
2502
14539
3660
3675
3672
3532
9076
3335
1310
1905
2526
54540
14868
3688
3682
3783
3715
14704
3664
3670
3693
3677
12938
3741
3669
2791
2737
12030
3338
3626
2400
2666
25897
10884
3651
1971
2332
2930
5883
8174
2654
2247
2704
569
956
111504
23584
17389
52603
14010
4754
17515
3931
9620
3116
1384
2113
3007
1162
2802
16324
3176
1206
9161
3179
2398
1443
2141
2781
17928
138832
17723
84438
23921
5998
13235
3632
3220
2664
3719
1174
3514
40390
13976
3683
3173
3470
3650
6252
13343
3704
3635
2259
3745
6819
4372
15755
2475
10865
3724
2786
1594
2761
1029
1386
18465
18206
1655175
347678
179120
58178
13783
3053
3564
3465
3701
14814
3698
3701
3707
3708
14769
3692
3695
3684
3698
14812
3707
3705
3695
3705
51345
14853
3704
3719
3709
3721
13454
3732
3048
3088
3586
13341
3704
3194
3374
3069
9697
3362
2744
3036
555
53701
14745
3696
3713
3707
3629
13647
3701
3581
3707
2658
13824
3691
3564
3676
2893
11485
2891
3338
3064
2192
15896
82352
19178
7933
8183
1304
1758
43482
10874
2442
3550
1669
3213
12768
3743
2671
3522
2832
7044
12796
3939
2469
3598
2790
5360
14332
35089
21409
10755
3148
2489
2071
3047
3918
5593
1143
4654
4478
4548
51117
13000
25416
7927
7927
1397
552
3303
2675
4923
4639
5093
7608
443365
133257
43899
10785
2081
2036
3669
2999
7393
13903
3695
3625
3030
3553
11818
3070
1719
3633
3396
22073
5729
6943
3932
5469
32746
8735
3219
2815
948
1753
12602
3355
3664
2461
3122
4158
7251
34539
11571
3157
1748
3602
3064
2642
9845
2627
3593
1379
2246
10481
3211
971
3574
2725
100204
27433
7569
7443
6250
6171
35921
9258
2584
1626
2706
2342
10433
2851
2622
3008
1952
4214
12016
3362
2349
3605
2700
15860
20990
2251
9937
3220
2595
1384
2738
5974
2828
110113
28733
7717
4778
5136
11102
2360
3310
1971
3461
20615
4551
6783
5002
4279
37435
5374
12237
3706
3574
2478
2479
10059
2821
3824
1233
2181
9765
3909
3874
947
1035
23330
9439
2445
1871
3070
2053
5139
6347
2405
99791
38878
12174
3503
2252
2923
3496
9811
1391
1074
3734
3612
4599
12294
3512
2982
2310
3490
17175
9044
1670
1322
3884
2168
1136
5824
1171
8456
35282
12598
3325
3069
2743
3461
5593
6251
10840
3567
2786
2432
2055
252187
55874
10985
10039
29730
9164
2194
404
3744
2822
1639
9716
3161
3771
437
2347
9211
3168
725
2810
2508
5120
27324
60822
12462
34892
12095
3478
1169
3745
3703
2401
7772
12624
3670
1874
3308
3772
4621
8847
108167
7440
11842
38646
13563
3799
2776
3203
3785
5781
6435
12867
3783
3696
2582
2806
50239
12091
1213
3401
3724
3753
13226
3808
2827
3760
2831
13261
3756
3805
2841
2859
11661
3813
2852
2854
2142
611945
94143
23886
5936
5577
4939
7434
20408
8603
3486
722
3599
796
3468
5900
2437
22384
4746
12010
3838
2588
2554
3030
1225
4403
27465
5391
3408
9425
2641
2239
2201
2344
9241
2368
2100
2647
2126
109253
5213
12610
41604
6131
9228
553
1604
3381
3690
12866
3516
3618
2874
2858
13379
3807
3812
2871
2889
49826
13979
2718
3651
3796
3814
12576
3701
2680
3459
2736
12643
3839
3546
2762
2496
10628
3382
2708
2526
2012
207750
46629
4299
12365
1124
3489
3900
3852
14962
3503
3892
3799
3768
15003
3774
3729
3764
3736
55135
13609
3285
3363
3330
3631
13430
3813
2871
3869
2877
14645
3668
3686
3634
3657
13451
3836
2892
3848
2875
56514
15212
3815
3804
3799
3794
15024
3765
3750
3759
3750
13179
3800
3755
2827
2797
13099
3768
3731
2801
2799
49472
14305
3627
3471
3716
3491
13093
3744
2887
3722
2740
12690
3698
3540
2769
2683
9384
3461
2112
2101
1710
200799
58003
15380
3848
3841
3832
3859
14771
3852
3788
3876
3255
14930
3857
3835
3836
3402
12922
3384
3196
3105
3237
49372
12997
3074
3227
3321
3375
11623
3149
2520
3290
2664
13115
3278
3331
3247
3259
11637
3246
2603
3328
2460
47864
12578
3323
2874
3033
3348
13100
3225
3226
3307
3342
11044
3137
3205
2328
2374
11142
3222
3188
2368
2364
45560
13201
3302
3299
3319
3281
11629
3323
2438
3244
2624
10721
3130
3063
2251
2277
10009
3251
2706
2657
1395
907520
135643
31304
62721
20933
4585
1219
9400
2840
3161
775
2624
5729
4645
11909
25234
7951
1251
6704
9328
2874
593
3235
2626
19990
21628
194241
20698
19593
68602
28687
11126
3510
1811
2290
3515
3712
2811
11038
3546
2757
1352
3383
9879
5463
24573
9966
3132
3440
633
2761
7265
1986
263
3460
1556
1208
6134
85348
5123
17465
1317
2728
2205
11215
1964
2771
3687
2793
15374
1428
1336
8145
2779
622
2554
2190
4465
47386
10221
620
3331
2596
3674
13014
3704
2809
3711
2790
12802
3672
3697
2644
2789
11349
3706
2784
2784
2075
111747
21361
19542
49860
12764
5475
17809
4645
8074
1252
3838
13812
20984
465889
26739
184192
39581
6211
12221
2974
3133
2972
3142
7575
13574
3525
2741
3703
3605
51107
14673
3593
3720
3631
3729
12933
3712
2751
3715
2755
11587
2873
3556
2686
2472
11914
3673
2731
2888
2622
52351
12700
2599
3299
3272
3530
14818
3707
3711
3704
3696
12812
3648
3656
2777
2731
12021
3590
3520
2513
2398
41153
13231
3620
2589
3645
3377
7580
1996
1650
2524
1410
11419
3450
3269
2357
2343
8923
3050
1961
2299
1613
96721
5528
35493
2565
12399
3225
2758
3639
2777
7715
12814
3649
2762
3667
2736
7783
47917
12891
2274
3570
3357
3690
12405
3678
2645
3573
2509
12249
3415
3669
2496
2669
10372
3533
2459
2596
1784
158237
52190
14522
3692
3578
3684
3568
12257
3314
2879
3206
2858
13478
3614
3346
3401
3117
11933
3125
2980
2980
2848
38391
10718
2795
2867
2584
2472
9587
2829
2157
2607
1994
10455
2717
2480
2697
2561
7631
2302
1777
2381
1171
42911
12341
3229
3044
3155
2913
11040
2858
2764
2752
2666
10320
3088
2904
2261
2067
9210
2736
2589
2020
1865
24745
9596
2611
2506
2536
1943
5140
5445
4564
2367979
729663
115908
5033
26381
1320
4959
5466
14636
3384
3747
3722
3783
25218
1320
5208
4271
14419
3169
3731
3759
3760
59276
14205
3339
3609
3603
3654
15179
3783
3783
3805
3808
15001
3737
3716
3779
3769
14891
3710
3825
3724
3632
227850
59099
13901
2919
3586
3702
3694
15110
3732
3789
3758
3831
15115
3765
3785
3773
3792
14973
3718
3818
3768
3669
55793
15097
3730
3788
3813
3766
13229
3790
2838
3772
2829
15181
3803
3809
3802
3767
12286
3730
2703
3593
2260
59973
15135
3802
3765
3793
3775
14922
3752
3689
3738
3743
15073
3787
3755
3789
3742
14843
3729
3706
3716
3692
52985
14273
3535
3773
3410
3555
13036
3731
2771
3744
2790
13845
3652
3130
3673
3390
11831
3695
2788
3071
2277
216329
58289
13628
2432
3704
3745
3747
15041
3759
3766
3732
3784
14476
3658
3756
3674
3388
15144
3798
3780
3780
3786
59349
15016
3776
3751
3762
3727
14708
3755
3544
3714
3695
14907
3727
3722
3750
3708
14718
3703
3673
3699
3643
47585
13580
3677
3025
3653
3225
12860
3410
3718
2686
3046
11853
3637
3232
2673
2311
9292
2680
2702
2241
1669
51106
14773
3733
3709
3645
3686
14313
3669
3569
3607
3468
9956
2570
3604
1957
1825
12064
3533
3343
2676
2512
169576
54666
13822
3471
3758
3112
3481
14762
3701
3675
3716
3670
12799
3437
2760
3502
3100
13283
3529
3639
2610
3505
42645
13749
3574
3578
3534
3063
9246
2649
1983
2520
2094
10473
3327
2378
2299
2469
9177
2635
2045
2576
1921
39727
13205
3404
3261
3342
3198
9427
2820
2051
2358
2198
9674
3325
2654
2277
1418
7421
1944
2214
1613
1650
32538
9579
2376
2447
2338
2418
8450
2480
1832
2377
1761
7884
2265
2303
1668
1648
6625
2261
1653
1585
1126
681666
190803
57529
14981
3752
3748
3743
3738
14884
3728
3726
3725
3705
14092
3593
3708
3474
3317
13572
3709
3492
3566
2805
45840
12912
3687
3090
3299
2836
10667
2974
2317
3053
2323
11674
2766
2980
2914
3014
10587
3055
2281
2994
2257
45510
11134
2632
2478
3667
2357
11491
2759
2923
2896
2913
11296
2939
2788
2672
2897
11589
2922
2908
2878
2881
41924
11745
2966
2929
2963
2887
10012
2948
2168
2830
2066
11321
2883
2845
2829
2764
8846
2714
1942
2581
1609
185556
48133
12322
3107
3089
3074
3052
12206
3102
3054
3050
3000
11688
2980
2963
2924
2821
11917
2907
3070
2844
3096
50416
12823
3027
3414
3268
3114
11856
2649
2784
3604
2819
12694
2993
3278
2903
3520
13043
3726
2611
3874
2832
40640
10308
2773
2687
2621
2227
10354
2393
2348
2418
3195
11024
2626
2704
3207
2487
8954
3151
2366
2235
1202
46367
8637
2940
1296
1592
2809
12399
3682
2685
3496
2536
12533
2657
3395
3136
3345
12798
3339
2902
3817
2740
143708
43000
11305
2840
2888
2779
2798
11274
2896
2868
2784
2726
10547
2703
2693
2585
2566
9874
2687
2598
2520
2069
33078
10303
2800
2636
2620
2247
7989
2014
2118
2362
1495
9313
2112
3025
2014
2162
5473
30006
9185
2431
2330
2277
2147
8104
7078
5639
37624
8067
9956
3116
1909
2981
1950
10494
2732
3315
2189
2258
9107
2652
2290
2040
2125
161599
34311
5480
8782
1974
2087
1809
2912
5746
14303
3181
3647
3564
3911
48686
14532
3273
3816
3731
3712
12036
3633
2678
3268
2457
14068
3857
3266
3410
3535
8050
2900
1521
2085
1544
48676
13004
2489
3400
3232
3883
13740
3930
3206
3204
3400
12529
3831
3522
2896
2280
9403
3121
2375
2502
1405
29926
9784
3394
2124
2364
1902
7069
6683
6390
1983
1581
1490
1336
459929
139914
46452
12837
3517
2976
3392
2952
11091
2922
2560
2727
2882
12406
3384
2929
3175
2918
10118
2612
2680
2443
2383
34969
9090
2340
2310
1911
2529
9882
2511
3393
2118
1860
8459
2414
1934
2356
1755
7538
31404
9955
2982
2750
1687
2536
9708
2538
2439
2378
2353
5887
5854
27089
7347
7502
6134
6106
107866
31908
8155
8340
2129
2102
2083
2026
7884
7529
26249
8084
6138
6839
5188
24445
7227
6500
5826
4892
25264
6766
6107
5055
7336
2560
1828
2064
884
95401
28024
8921
2731
2116
2536
1538
6395
6284
6424
25114
6850
6434
6227
5603
22320
6064
6144
5224
4888
19943
5695
5152
4601
4495
116748
22836
5125
5248
6185
6278
32807
6783
6987
8565
1971
1713
1636
3245
10472
3376
2546
3592
958
30058
4811
7368
6161
11718
2365
3863
2811
2679
31047
13024
2997
3847
3907
2273
7101
6473
4449
496721
148968
32498
6695
9240
1260
2658
2584
2738
6479
10084
2827
2244
2396
2617
44508
10026
2185
2403
2120
3318
11962
3553
2908
3880
1621
13561
3010
3909
3881
2761
8959
2357
1952
2687
1963
42083
7308
13340
2145
3743
3535
3917
9547
1745
3144
1746
2912
11888
3806
3640
1722
2720
29879
11083
3468
1610
3400
2605
6678
7028
5090
125176
33767
11300
2760
3036
3379
2125
7557
7651
7259
32021
7748
8132
2226
1828
2228
1850
8533
2063
2338
2022
2110
7608
2198
1824
1989
1597
29197
6906
8173
6609
7509
2134
2143
1615
1617
30191
8935
2224
2292
2210
2209
7371
2094
1668
1951
1658
7386
2119
2128
1559
1580
6499
2123
1623
1619
1134
108871
29934
11001
3529
2873
3087
1512
7657
5016
6260
25959
6465
5976
6586
6932
24279
5814
6362
5273
6830
28699
7907
7041
7355
2066
2097
1582
1610
6396
2058
1506
1623
1209
113706
32726
8250
2019
2105
2024
2102
8428
2141
2151
2066
2070
8029
8019
28708
8245
1997
2138
2092
2018
6687
7581
6195
29010
7882
7721
7097
6310
23262
6946
6127
5781
4408
7674152
2421372
579186
182029
40072
10180
3320
2956
2254
1650
6962
12840
2850
2820
3603
3567
10090
2396
1746
3390
2558
36773
5002
11638
2419
3296
2609
3314
8893
1683
2417
2249
2544
11240
2504
3168
2523
3045
51653
13947
3611
3519
3364
3453
13853
3404
3261
3647
3541
9861
3506
3280
809
2266
13992
3576
3665
3186
3565
53531
13384
2911
3252
3524
3697
11201
2466
3202
2732
2801
14610
3673
3707
3613
3617
14336
3692
3045
3733
3866
182543
59175
14724
3613
3699
3666
3746
14888
3747
3570
3791
3780
14526
3691
3737
3526
3572
15037
3781
3808
3662
3786
44830
13472
2560
3746
3370
3796
11423
3432
2392
3582
2017
13095
3855
2927
3882
2431
6840
57293
14024
3526
3664
3255
3579
14995
3663
3815
3698
3819
13362
3070
3647
3160
3485
14912
3764
3830
3726
3592
21245
10190
3876
1681
3848
785
1553
8363
3832
2105
1937
489
1139
123067
12438
58214
14224
3544
3656
3364
3660
15140
3708
3837
3766
3829
13945
3383
3670
3171
3721
14905
3777
3815
3762
3551
10910
41505
10177
2290
3575
934
3378
14451
3354
3671
3625
3801
4622
12255
3604
3797
2570
2284
91547
24452
10149
3383
1905
3895
966
2820
10071
3878
1714
2958
1521
1412
5050
36238
15432
3867
3799
3859
3907
2913
13427
3840
3896
2774
2917
4466
25807
2229
3373
8867
979
2486
2422
2980
11338
3757
2778
2761
2042
445698
153565
43974
11137
2960
2849
2461
2867
11816
3048
3066
2974
2728
11465
3061
2292
3626
2486
9556
2659
2759
1784
2354
42406
11388
2818
3005
2695
2870
11466
3383
2681
2869
2533
9445
2301
2615
2165
2364
10107
2828
2181
3009
2089
30615
10353
3277
3486
752
2838
11906
3268
2376
3284
2978
1407
6949
36570
9541
1851
2366
2864
2460
8712
2702
1922
2352
1736
12026
3534
3129
1731
3632
6291
119679
51975
13668
3766
3601
3327
2974
15109
3812
3843
3780
3674
10010
2528
2725
2215
2542
13188
3687
3676
3195
2630
31553
14173
3848
3467
3661
3197
5572
8404
3020
3056
1002
1326
3404
19163
9389
2057
2812
2007
2513
3445
4595
1734
16988
3097
4215
4046
5630
71830
5372
10929
37913
8446
489
1225
2794
3938
6284
12219
3641
3552
2581
2445
10964
3373
3136
2359
2096
17616
4580
3004
5848
4184
100624
11348
29935
5867
7465
2005
1517
2246
1697
8433
1948
2208
1879
2398
8170
2406
1938
2493
1333
23561
4563
5286
5624
8088
1984
2405
1736
1963
35780
8198
1264
1611
2440
2883
8222
1770
1043
3068
2341
10376
2858
3043
2257
2218
8984
3114
2316
2127
1427
672843
175852
49399
13635
3686
3704
2720
3525
8293
2022
390
3536
2345
12846
1840
3702
3610
3694
14625
3732
3468
3708
3717
23563
4071
3014
11086
3239
1558
3378
2911
5392
54784
14716
3693
3683
3660
3680
14714
3691
3687
3676
3660
12708
3627
3647
2699
2735
12646
3659
3594
2701
2692
48106
14066
3648
3300
3630
3488
8976
3289
760
3652
1275
13157
3579
3833
2806
2939
11907
3736
3804
1680
2687
160738
36474
8622
1465
2754
1194
3209
12238
2681
3393
3629
2535
6642
8972
2729
3263
1293
1687
43675
10703
3685
3166
1396
2456
10605
3387
2673
2852
1693
12507
3428
2845
3439
2795
9860
2830
1951
2533
2546
34587
2986
5506
13029
3801
3808
2613
2807
13066
3808
3615
2804
2839
46002
13832
3042
3785
3366
3639
12493
3243
2830
3733
2687
13181
3858
3606
2913
2804
6496
3446
1121
1211
718
213483
55802
13929
3433
3475
3543
3478
13956
3477
3658
3591
3230
13935
3435
3477
3369
3654
13982
3668
3476
3013
3825
58710
14182
3722
3086
3661
3713
13807
2376
3718
3855
3858
15420
3878
3873
3801
3868
15301
3875
3791
3807
3828
52662
14030
3513
3430
3722
3365
14515
3267
3835
3565
3848
11122
3126
2879
2663
2454
12995
3539
3600
2928
2928
46309
14398
3748
3849
3676
3125
13969
3767
3871
2516
3815
8009
2955
2436
1099
1519
9933
3480
3247
2079
1127
122770
50160
13506
3548
3472
3820
2666
14262
3583
3786
3538
3355
15062
3816
3686
3802
3758
7330
20746
7187
4462
4440
4657
21079
9867
3839
2374
2814
840
3943
3208
4061
30785
5231
7591
1474
1440
2015
2662
6641
11322
3562
2809
2852
2099
723645
129055
36756
12562
3346
3159
3029
3028
7992
10529
2673
2956
2481
2419
5673
25118
5571
5969
6381
7197
1821
1560
1929
1887
28171
10216
2969
2459
2698
2090
6386
4989
6580
39010
7075
10496
2316
2828
2608
2744
10496
2348
3054
2226
2868
10943
3313
2887
2587
2156
191523
47512
8736
1879
2238
2148
2471
10377
2499
2410
2771
2697
13420
2603
3436
3489
3892
14979
3691
3684
3793
3811
45851
10025
2353
2219
2693
2760
8610
2099
1509
2848
2154
14993
3687
3659
3821
3826
12223
3647
2853
3702
2021
56890
15531
3943
3963
3833
3792
14830
3835
3614
3791
3590
13399
3823
3765
2914
2897
13130
3699
3765
2835
2831
41270
15150
3843
3743
3787
3777
9021
3498
1253
3091
1179
11309
3728
2931
2549
2101
5790
203967
40480
5763
10434
1646
2658
2317
3813
9056
1424
2123
1876
3633
15227
3740
3839
3830
3818
56324
15376
3858
3868
3854
3796
12902
3548
2845
3637
2872
14846
3858
3597
3832
3559
13200
3739
2873
3742
2846
55581
14646
3442
3779
3770
3655
15198
3804
3806
3783
3805
12825
3803
3540
2824
2658
12912
3686
3765
2627
2834
51582
14513
3777
3544
3579
3613
13258
3785
2841
3788
2844
12262
3451
3625
2467
2719
11549
3774
2838
2814
2123
199100
59348
15299
3814
3822
3839
3824
14198
3756
3743
3539
3160
15249
3807
3836
3792
3814
14602
3799
3333
3787
3683
40937
10987
3636
2008
3617
1726
8442
1724
2125
2235
2358
10704
3333
2271
3362
1738
10804
2605
2552
2939
2708
56130
15169
3789
3793
3797
3790
14955
3774
3585
3756
3840
13249
3786
3787
2834
2842
12757
3783
3786
2878
2310
42685
10269
2949
2269
2397
2654
12413
3352
2764
3551
2746
9136
1904
3052
1683
2497
10867
3654
2659
2658
1896
2019665
587657
136084
21729
7509
3276
5922
5022
33246
2623
11119
2145
2721
2763
3490
6029
13475
2323
3670
3727
3755
30492
6377
8529
2355
2038
2057
2079
7286
8300
2062
2194
2294
1750
50617
10607
2067
3020
1858
3662
14897
3549
3787
3780
3781
10062
1623
3242
1762
3435
15051
3769
3785
3740
3757
170722
50823
12584
2847
2763
3506
3468
12093
2513
2909
3433
3238
14711
3688
3717
3753
3553
11435
3574
2230
3589
2042
41883
12594
3031
3095
3191
3277
9346
2597
1451
3238
2060
8902
1514
2694
2350
2344
11041
3508
2495
2854
2184
39455
14820
3787
3762
3614
3657
8342
2935
2038
1763
1606
11737
3754
3083
3622
1278
4556
38561
9722
2326
2619
2146
2631
9563
2561
2332
2684
1986
8555
1962
2419
1783
2391
10721
2912
2287
2997
2525
165064
21697
8400
2118
2341
2452
1489
4490
2872
5935
56574
12310
2198
3631
2738
3743
14944
3758
3687
3774
3725
14765
3543
3769
3703
3750
14555
3731
3729
3735
3360
36200
9317
1846
2012
3110
2349
10231
1457
3231
1971
3572
7185
2596
1937
1439
1213
9467
2599
3696
1155
2017
50593
15014
3738
3755
3766
3755
13386
3723
3163
3696
2804
13141
3773
3747
2826
2795
9052
3434
2447
1927
1244
115787
36664
11721
3648
2507
3678
1888
4131
11498
2180
3364
2852
3102
9314
2636
1129
3067
2482
30863
8086
10208
2880
2395
2762
2171
5580
6989
22960
8520
2609
2210
2446
1255
5308
5606
3526
25300
5969
8485
2270
2056
2042
2117
4202
6644
1832
2056
1312
1444
389133
90371
22865
4837
1784
12197
3219
2116
3679
3183
4047
7545
45950
13764
3574
3642
2874
3674
10501
2918
1522
3574
2487
9365
2303
3504
1974
1584
12320
3635
2992
2574
3119
14011
119554
27651
5825
12109
3044
3648
2244
3173
2953
6764
52304
14553
3757
3380
3684
3732
11895
3154
2262
3722
2757
12940
3318
3697
2538
3387
12916
3721
2772
3664
2759
9418
30181
7880
11380
3411
2736
2780
2453
3965
6956
121640
24701
4551
7561
7054
5535
37082
11869
3267
2669
2570
3363
5330
9921
2377
3219
1657
2668
9962
3009
1608
3168
2177
38078
13370
3270
3279
3517
3304
5886
12036
3737
3138
2720
2441
6786
21779
5080
9878
2877
2443
2242
2316
1596
5225
57568
10171
10379
30119
9730
2597
1632
3110
2391
3176
10635
3081
3029
2073
2452
6578
6899
611389
157109
30135
5014
7880
8478
2353
1877
1653
2595
8763
2071
1579
2841
2272
39749
14260
3729
3698
3123
3710
11688
2336
2205
3452
3695
7511
6290
46898
11376
2191
3034
2731
3420
12324
3156
2801
3338
3029
12134
3151
3660
2544
2779
11064
3458
2918
2626
2062
40327
12323
2693
2961
3607
3062
10245
2021
2508
2910
2806
7438
2567
3190
880
801
10321
2976
3543
1448
2354
128694
35489
11820
2358
2198
3512
3752
8124
7204
8341
3068
1459
1874
1940
22225
4584
6558
5092
5991
40194
8227
1709
1152
2671
2695
9622
1753
2271
2964
2634
11129
3383
2564
2655
2527
11216
3386
3588
1773
2469
30786
8560
2101
1842
2319
2298
6779
9267
3435
1941
2673
1218
6180
189007
57752
14449
3445
3697
3636
3671
13856
3484
3474
3478
3420
14609
3659
3651
3680
3619
14838
3697
3704
3704
3733
38601
7994
6717
13884
3725
2903
3742
3514
10006
2170
3058
1886
2892
44982
13485
3634
3594
3568
2689
14358
3700
3721
3247
3690
9834
3258
1978
2539
2059
7305
2206
2369
1496
1234
47672
14616
3704
3696
3659
3557
11875
3038
2248
3382
3207
10114
3310
3415
1239
2150
11067
3287
3173
2350
2257
136579
49781
11376
2359
2696
2966
3355
12775
3223
2322
3806
3424
11097
2823
3000
2564
2710
14533
3723
3796
3215
3799
27178
8232
3096
1720
2131
1285
4109
11142
3495
1578
3782
2287
3695
40106
9948
2503
2373
2686
2386
12064
2899
3483
2636
3046
9833
2946
2606
2170
2111
8261
2384
2287
1907
1683
19514
9477
3778
1824
2852
1023
3127
4996
1914
431486
73193
37000
13033
3431
3231
3163
3208
7265
11252
3020
2927
2792
2513
5450
6209
24672
11101
2700
3098
2055
3248
2373
7636
2119
1993
1810
1714
3562
5312
115080
35884
9048
2073
3048
1447
2480
11577
3118
2396
3158
2905
4392
10867
2804
2969
2368
2726
17922
4755
1715
8209
2513
1427
2582
1687
3243
20423
1543
7888
1895
9097
1992
2583
2644
1878
40851
10225
2070
2439
2383
3333
8101
2331
1081
2967
1722
12262
3365
3481
2725
2691
10263
3431
2307
2627
1898
96810
33085
8263
1753
2172
1715
2623
8657
2167
2009
2251
2230
8383
1663
2758
1444
2518
7782
27118
6848
3115
9613
2312
2310
2826
2165
7542
2180
1480
2238
1644
18650
6578
4499
3191
4382
17957
4251
7735
2596
1686
2084
1369
3183
2788
146403
44011
10873
671
3396
2872
3934
12769
3872
3092
3539
2266
9385
2205
3371
2054
1755
10984
3118
3555
1756
2555
52552
14503
3625
3618
3627
3633
11968
3528
2492
3477
2471
14269
3595
3605
3408
3661
11812
3441
2439
3508
2424
25565
6513
6866
6571
5615
24275
7607
8871
3221
2443
1624
1583
4119
3678
1988164
682074
185448
57552
14202
3733
3186
3780
3503
14112
3848
3145
3668
3451
14386
3815
3516
3557
3498
14852
3636
3810
3806
3600
37829
7604
8757
1734
2394
2259
2370
12234
3891
2677
3329
2337
9234
2374
2281
2294
2285
50113
14930
3516
3817
3887
3710
11849
3611
2341
3708
2189
14165
3760
3844
3630
2931
9169
2398
2261
2220
2290
39954
9326
2248
2411
2319
2348
9839
2385
2418
2338
2698
9513
2299
2348
2325
2541
11276
2616
2881
2872
2907
187777
39454
7040
7262
10655
2369
3311
2246
2729
14497
3639
3683
3455
3720
53226
14101
2838
3798
3748
3717
13171
3799
2802
3748
2822
14361
3696
3635
3681
3349
11593
3460
2833
2461
2839
47028
11194
2676
2779
2826
2913
12662
3326
3444
3003
2889
11635
2924
2880
2921
2910
11537
2885
2945
2812
2895
48069
13757
3656
3207
3238
3656
11975
3299
2816
3490
2370
11965
2982
3209
2902
2872
10372
3446
2246
2916
1764
158459
36881
9137
2744
2140
2088
2165
9080
2256
2283
2182
2359
8515
2120
2173
2079
2143
10149
2249
2653
2487
2760
44804
10765
2449
2822
2678
2816
11648
2912
2949
2892
2895
11216
2785
2854
2805
2772
11175
2842
2828
2736
2769
37243
9085
2036
2322
2183
2544
10562
2612
2680
2632
2638
8752
2429
2537
1887
1899
8844
2591
2586
1915
1752
39531
10751
2726
2737
2665
2623
10934
2726
2768
2752
2688
9026
2581
2627
1917
1901
8820
2593
2565
1864
1798
150390
44494
11412
2892
2895
2763
2862
11323
2868
2812
2809
2834
11071
2827
2765
2773
2706
10688
2701
2762
2682
2543
40181
11045
2905
2816
2786
2538
9092
2558
1912
2642
1980
10104
2537
2448
2383
2736
9940
2713
2188
2823
2216
36682
10501
2696
2673
2592
2540
9641
2558
2402
2298
2383
8108
2506
2224
1653
1725
8432
2420
2484
1713
1815
29033
10902
2613
2773
2772
2744
9734
2857
2180
2712
1985
5582
2815
530290
182215
51735
14997
3743
3773
3715
3766
11331
3020
3345
2530
2436
14874
3714
3735
3694
3731
10533
2676
2773
2769
2315
50877
12851
2939
3729
2497
3686
13109
3732
2813
3760
2804
11906
2768
3550
2220
3368
13011
3728
2790
3701
2792
42497
13525
3646
3654
3166
3059
10603
2838
2137
2789
2839
10972
3316
3089
1894
2673
7397
37106
10704
2177
3068
2835
2624
12548
3695
2770
3336
2747
5476
8378
2297
2548
1516
2017
144186
43409
14992
3756
3764
3736
3736
10053
3804
2178
2300
1771
11956
3703
3417
3146
1690
6408
45346
12851
2687
3529
3014
3621
11610
3437
2436
3352
2385
10974
3264
3536
1979
2195
9911
3151
2410
2331
2019
29693
8277
2890
1346
2886
1155
4994
7136
9286
1823
2117
2464
2882
25738
7352
3344
8626
1985
1849
2512
2280
6416
89237
27658
8465
2461
1217
2843
1944
2328
9957
2877
2654
2583
1843
6908
12555
23896
7223
7142
5607
3924
25128
2060
9139
1940
2234
2595
2370
4661
9268
2906
2378
2216
1768
114652
45048
9382
1813
2391
2321
2857
11814
2884
2900
3105
2925
11977
2699
3101
3016
3161
11875
3128
2899
3095
2753
26053
10290
2476
2338
2654
2822
9011
2318
1739
2896
2058
4297
2455
36927
12412
3069
3102
3192
3049
9375
2979
2228
2798
1370
10121
3041
2834
2234
2012
5019
6624
339881
128929
37344
9784
2484
2522
2434
2344
9639
2492
2384
2356
2407
8960
2367
2327
1977
2289
8961
2400
2225
2244
2092
35158
9415
2485
2413
2302
2215
8909
2298
2207
2165
2239
8209
2123
2055
1960
2071
8625
2190
2198
2130
2107
30130
8661
2228
2225
2171
2037
7966
6755
6748
26297
8140
7526
6660
3971
78908
29080
7987
8344
2380
2244
2216
1504
7668
5081
16668
4334
4153
3914
4267
18275
5454
4623
4424
3774
14885
2284
4917
2097
5587
55871
26986
7560
7496
7256
4674
9990
11650
7245
76173
16311
21121
3123
6830
4795
6373
12496
26245
6338
7995
2509
2231
1731
1524
6280
5632
435919
111717
22239
7161
4217
7295
3566
35105
7543
10011
2929
2262
2751
2069
8699
1873
2390
2043
2393
8852
2610
2015
2444
1783
21267
6088
5282
4092
5805
33106
9193
2057
2452
2159
2525
8848
2641
1848
2608
1751
8133
2204
2464
1691
1774
6932
2390
1671
1743
1128
95587
27230
10603
2879
2655
2530
2539
4508
8014
4105
10131
28752
8377
2197
1441
2171
2568
8473
1460
1579
2703
2731
5641
6261
29474
8760
1613
1668
2776
2703
7555
1696
1265
2685
1909
6863
6296
2271
1699
1359
967
111299
24223
4039
7633
4863
7688
33676
9116
2313
2251
2289
2263
7899
2222
1498
2261
1918
8775
2250
2204
2198
2123
7886
2313
1890
2084
1599
28043
6490
8267
1951
2155
2083
2078
6371
6915
25357
8042
6610
5803
4902
117316
34859
8860
1844
2018
1809
3189
10912
2146
2382
3269
3115
8142
6945
29710
10610
2437
2568
2875
2730
8400
2584
1707
2529
1580
5842
4858
25949
6403
6054
6182
7310
1776
1967
1698
1869
26798
6217
6163
8197
2267
2557
1843
1530
6221
1244951
368118
125604
51140
14476
3454
3725
3598
3699
10836
2720
1704
3683
2729
12927
3609
3598
2848
2872
12901
3524
3585
2888
2904
36699
8183
9877
2297
2775
3157
1648
9373
2563
1277
2714
2819
9266
2037
1920
2800
2509
16539
3042
4370
4330
4797
21226
5956
5666
4792
4812
93938
36326
10330
2764
2705
2246
2615
10094
2584
2405
2599
2506
7909
7993
25869
7006
3304
10084
2546
2490
2445
2603
5475
17429
5110
3585
4503
4231
14314
80414
25628
9177
2218
2142
2529
2288
8164
3397
4890
20155
5462
5802
4736
4155
15782
4055
5458
2736
3533
18849
5256
5023
4280
4290
68162
18871
5394
5241
3942
4294
15549
3586
3076
4653
4234
17817
4860
4776
4124
4057
15925
4768
3863
3983
3311
281091
88462
28304
5517
8658
2103
2056
2092
2407
5297
8832
2543
2244
2121
1924
32235
7851
8646
2560
1920
2323
1843
8281
2174
1819
2068
2220
7457
1680
1604
2815
1358
13307
14616
85091
38705
9936
2495
2519
2411
2511
9853
2492
2434
2446
2481
9159
2387
2411
2007
2354
9757
2459
2472
2411
2415
20092
6644
2045
8371
2297
2108
2333
1633
3032
15973
10321
59846
15709
15263
15622
4334
4219
3615
3454
13252
47692
14912
11248
11999
9533
362319
88264
14052
18081
3855
4675
4208
5343
29811
8090
7492
7239
2364
2405
1238
1232
6990
26320
6516
5906
7062
6836
81891
19475
4704
4579
5297
4895
16617
4566
3772
4552
3727
24295
5460
4972
6560
7303
1733
1745
1918
1907
21504
4684
3883
7165
5772
105618
26711
7268
8554
2525
2600
1763
1666
5166
5723
30988
8153
6971
7322
8542
1825
2237
2414
2066
26622
8234
1576
1892
2426
2340
8014
5472
4902
21297
6580
5380
4679
4658
86546
29014
6873
8569
1855
1981
2297
2436
7753
5819
23119
8209
2090
2362
2127
1630
6115
4871
3924
18753
5038
4726
4565
4424
15660
4327
3502
4287
3544
233423
71274
15386
13280
22555
4549
4940
6443
6623
20053
5657
4527
5760
4109
54201
14286
11254
15358
13303
59105
18047
5287
4907
4103
3750
14177
14810
12071
48843
16178
7513
18410
8098
3847
4815
1650
6742
hello
